*** Result of iteration 0 ***
                                        
       1 1                                
     1                                   
    1  1  1                                
     1 1 1  2                       2 2       
    2  1  1                      1 1         
     1 2   2 2 2               1 1  1 1          
   1  1 1 1  1                1  1   1 1         
   1 1 1 1  2               2  2 2  1 1 1  1 1       
    1   1  1 1           1   1 1  1   1   1 1      
   1 1  1  1 1  2         2   2   2  1 1  2 2  2 2     
     1 1  1  1   1          1 1    1   2 2        
       2 1       1           1  1  1  1        
                         1  1  2  1  1 1      
        1           1            2  2 2      
                 2     2  2   2  1 1  1 1       
        1                 2   2  2 1         
                           1  2   2 2       
                            2  2          
        2     2            2    2           
                                        
                             2           
        2   2                             
                             2           
    2 2    2                               
      2 2                      2           
     2                       2 2 2 2         
    2  2 2 2 2                    2 2          
     2  2 2  2 1    1         1 1 2 2   2 2         
   2 2    2 2          2      2 1   1 1  1 2       
     2 1  1             1   1 2  2 2     1 2      
    2  2 2                    2 2  1 1   1 1     
   2 2                      2 2  1 2   2 2      
                           2 2   2 2        
                                        
*** Result of iteration 1 ***
                                        
       1 1                                
     1                                   
    1  1  1                                
     1 1 1  1                       1 1       
    1  1  1                      1 1         
     1 1   1 1 1               1 1  1 1          
   1  1 1 1  1                1  1   1 1         
   1 1 1 1  1               1  1 1  1 1 1  1 1       
    1   1  1 1           1   1 1  1   1   1 1      
   1 1  1  1 1  1         1   1   1  1 1  1 1  1 1     
     1 1  1  1   1          1 1    1   1 1        
       1 1       1           1  1  1  1        
                         1  1  1  1  1 1      
        1           1            1  1 1      
                 1     1  1   1  1 1  1 1       
        1                 1   1  2 2         
                           2  2   2 2       
                            2  2          
        2     2            2    2           
                                        
                             2           
        2   2                             
                             2           
    2 2    2                               
      2 2                      2           
     2                       2 2 2 2         
    2  2 2 2 2                    2 2          
     2  2 2  2 2    2         2 2 2 2   2 2         
   2 2    2 2          2      2 2   2 2  2 2       
     2 2  2             2   2 2  2 2     2 2      
    2  2 2                    2 2  2 2   2 2     
   2 2                      2 2  2 2   2 2      
                           2 2   2 2        
                                        
*** Result of iteration 2 ***
                                        
       1 1                                
     1                                   
    1  1  1                                
     1 1 1  1                       1 1       
    1  1  1                      1 1         
     1 1   1 1 1               1 1  1 1          
   1  1 1 1  1                1  1   1 1         
   1 1 1 1  1               1  1 1  1 1 1  1 1       
    1   1  1 1           1   1 1  1   1   1 1      
   1 1  1  1 1  1         1   1   1  1 1  1 1  1 1     
     1 1  1  1   1          1 1    1   1 1        
       1 1       1           1  1  1  1        
                         1  1  1  1  1 1      
        1           1            1  1 1      
                 1     1  1   1  1 1  1 1       
        1                 1   1  1 1         
                           1  1   1 1       
                            2  2          
        1     2            2    2           
                                        
                             2           
        2   2                             
                             2           
    2 2    2                               
      2 2                      2           
     2                       2 2 2 2         
    2  2 2 2 2                    2 2          
     2  2 2  2 2    2         2 2 2 2   2 2         
   2 2    2 2          2      2 2   2 2  2 2       
     2 2  2             2   2 2  2 2     2 2      
    2  2 2                    2 2  2 2   2 2     
   2 2                      2 2  2 2   2 2      
                           2 2   2 2        
                                        
